104,
187,
253,
302,
342,
372,
395,
395,
417,
429,
424,
424,
434,
479,
501,
517,
533,
546,
536,
530,
529,
529,
530,
532,
498,
522,
542,
558,
557,
557,
553,
550,
548,
547,
546,
554,
561,
568,
566,
565,
539,
510,
495,
487,
481,
472,
479,
482,
489,
495,
501,
506,
498,
393,
310,
245,
193,
152,
186,
270,
335,
388,
432,
471,
386,
305,
241,
293,
332,
378,
436,
483,
521,
539,
555,
570,
582,
588,
582,
583,
588,
591,
588,
624,
624,
640,
653,
667,
674,
666,
672,
681,
691,
699,
713,
664,
622,
589,
565,
539,
506,
480,
501,
518,
531,
544,
557,
568,
572,
551,
591,
623,
653,
676,
707,
729,
743,
755,
768,
778,
785,
792,
797,
800,
805,
790,
779,
769,
762,
757,
760,
759,
752,
749,
745,
742,
740,
738,
736,
735,
735,
718,
705,
695,
686,
674,
672,
661,
655,
650,
646,
657,
661,
650,
640,
634,
636,
638,
610,
589,
576,
543,
527,
528,
530,
533,
543,
554,
573,
583,
575,
559,
535,
558,
574,
584,
590,
595,
610,
605,
618,
630,
641,
649,
656,
663,
665,
668,
671,
660,
651,
645,
653,
659,
665,
670,
674,
674,
675,
677,
679,
680,
681,
682,
683,
684,
685,
686,
687,
662,
645,
626,
615,
607,
602,
585,
576,
600,
621,
638,
650,
661,
674,
689,
701,
712,
715,
718,
707,
698,
691,
686,
682,
680,
680,
680,
680,
680,
680,
680,
675,
672,
671,
672,
646,
628,
614,
605,
579,
567,
556,
547,
536,
536,
534,
533,
534,
544,
