502,
397,
316,
236,
193,
143,
112,
19,
97,
55,
-10,
5,
41,
173,
87,
61,
60,
49,
-36,
-20,
-4,
0,
6,
7,
-128,
92,
74,
61,
-3,
0,
-16,
-12,
-7,
-3,
-2,
30,
26,
25,
-7,
-3,
-98,
-109,
-56,
-30,
-22,
-30,
30,
12,
25,
24,
22,
17,
-30,
-395,
-312,
-246,
-194,
-153,
131,
317,
246,
200,
167,
145,
-323,
-307,
-242,
197,
147,
173,
218,
178,
143,
68,
58,
54,
44,
21,
-22,
4,
18,
8,
-13,
134,
0,
60,
48,
53,
23,
-33,
22,
31,
34,
30,
53,
-185,
-160,
-125,
-91,
-97,
-125,
-98,
83,
66,
51,
48,
50,
40,
15,
-79,
150,
121,
111,
85,
116,
81,
52,
43,
47,
37,
26,
24,
18,
11,
18,
-58,
-43,
-37,
-27,
-19,
13,
-4,
-25,
-11,
-15,
-9,
-6,
-5,
-5,
-2,
0,
-61,
-45,
-36,
-30,
-44,
-5,
-39,
-21,
-18,
-14,
42,
15,
-41,
-34,
-22,
9,
9,
-104,
-79,
-46,
-122,
-59,
4,
7,
11,
38,
42,
71,
37,
-32,
-60,
-91,
87,
60,
37,
19,
17,
55,
-19,
49,
45,
39,
27,
24,
26,
7,
10,
10,
-41,
-37,
-23,
30,
23,
20,
15,
12,
-1,
4,
4,
5,
3,
2,
2,
2,
0,
2,
2,
2,
-95,
-67,
-73,
-41,
-30,
-18,
-64,
-31,
93,
79,
64,
48,
41,
49,
56,
44,
39,
7,
8,
-43,
-34,
-26,
-17,
-13,
-7,
0,
0,
-1,
0,
0,
0,
-18,
-10,
-1,
4,
-97,
-67,
-53,
-34,
-96,
-46,
-41,
-32,
-40,
0,
-5,
-1,
4,
39,
