502,
503,
506,
489,
498,
487,
486,
399,
503,
476,
408,
425,
472,
650,
587,
578,
594,
597,
502,
512,
526,
529,
537,
541,
371,
616,
618,
622,
557,
560,
539,
539,
542,
544,
544,
585,
589,
595,
561,
563,
441,
401,
439,
457,
459,
442,
510,
496,
516,
522,
526,
526,
470,
0,
0,
0,
0,
0,
319,
589,
583,
591,
603,
620,
66,
0,
0,
492,
482,
554,
657,
664,
667,
610,
616,
627,
629,
612,
562,
590,
610,
603,
578,
761,
627,
704,
705,
724,
701,
636,
698,
716,
729,
733,
770,
482,
464,
466,
475,
443,
382,
382,
585,
586,
585,
595,
611,
612,
591,
475,
744,
748,
768,
765,
827,
814,
799,
802,
819,
820,
816,
821,
820,
816,
828,
736,
739,
735,
737,
739,
775,
756,
728,
738,
730,
733,
734,
733,
731,
733,
735,
657,
660,
659,
656,
630,
667,
622,
634,
632,
632,
700,
677,
609,
606,
612,
646,
649,
508,
511,
531,
422,
469,
534,
539,
546,
584,
600,
649,
625,
547,
503,
447,
648,
638,
625,
613,
616,
669,
589,
670,
679,
684,
680,
684,
693,
677,
683,
686,
623,
617,
624,
686,
686,
689,
689,
690,
676,
683,
685,
688,
688,
688,
689,
690,
689,
692,
693,
694,
571,
581,
555,
576,
578,
585,
521,
545,
694,
701,
703,
700,
705,
727,
750,
750,
756,
727,
731,
668,
667,
667,
671,
671,
675,
683,
683,
681,
681,
682,
682,
658,
663,
671,
678,
551,
563,
563,
573,
485,
522,
515,
515,
496,
536,
529,
532,
539,
585,
